MOVE 310 278
FILL ON
PEN 59,37,18
CIRCLE 610
PEN BLACK
CIRCLE 550
PEN 59,37,18
CIRCLE 15
PEN lightgray
MOVE 290 20
POLYGON 300 20 300 70 290 70	// Twelve
MOVE 320 20
POLYGON 340 20 350 30 350 40 340 50 330 50 330 60 350 60 350 70 320 70 320 40 340 40 340 30 320 30		// Twelve
MOVE 420 50
POLYGON 430 50 430 100 420 100     // One
MOVE 510 130
POLYGON 530 130 540 140 540 150 530 160 520 160 520 170 540 170 540 180 510 180 510 150 530 150 530 140 510 140 	// Two
MOVE 540 250
// letters are 30 wide, 50 high
POLYGON 570 250 570 300 540 300 540 290 560 290 560 280 540 280 540 270 560 270 560 260 540 260        // Three
MOVE 520 370
POLYGON 520 400 530 400 530 410 520 410 520 420 510 420 510 410 490 410 490 400 510 370  	// Outer Four
MOVE 510 400
POLYGON 500 400 510 385    	// Inner four
MOVE 410 460
POLYGON 440 460 440 470 415 470 415 480 440 480 440 510 410 510 410 500 430 500 430 490 410 490  		// Five
MOVE 300 490
POLYGON 300 540 330 540 330 515 310 515 310 500 330 500 330 490  // Outer 6
MOVE 310 530
POLYGON 320 530 320 525 320 525 310 525    // Inner 6
MOVE 180 460
POLYGON 210 460 210 510 200 510 200 470 180 470    // 7
MOVE 100 370
POLYGON 130 370 130 420 100 420   // outer 8
MOVE 110 380
POLYGON 120 380 120 390 110 390
MOVE 110 400
POLYGON 120 400 120 410 110 410
MOVE 50 250
POLYGON 80 250 80 300 70 300 70 275 50 275
MOVE 55 255
POLYGON 70 255 70 270 55 270
MOVE 100 130
POLYGON 110 130 110 180 100 180    // Ten (one)
MOVE 120 130
POLYGON 150 130 150 180 120 180   // Ten (outer zero)
MOVE 130 140
POLYGON 140 140 140 170 130 170  // Ten (inner zero)
MOVE 180 50
POLYGON 190 50 190 100 180 100  // Eleven (one)
MOVE 200 50
POLYGON 210 50 210 100 200 100  // Eleven (one)
MOVE 310 278
ROTATE POLYGON 310 90